1000
-765404.9057073712 -949518.572909761
-851836.7665405474 389948.697968062
-645821.8785488643 823983.5437789736
-640357.830020298 -565091.4022795309
454248.1435864575 771746.5634445825
-334795.0408896296 892902.2031311169
-131102.4818703814 -275624.2897398269
-455756.98587289336 -514637.5963680204
38403.423492158065 -674687.7332678009
207872.78746388922 719193.4729781991
98030.61746098497 817933.686538812
618376.5096206574 299568.655621503
521891.5083062588 873831.926849999
209630.74584979285 -941330.2359189149
878572.3099022405 -356740.18939276366
-694474.0842768038 -451138.1688827607
-994616.2231355982 -8174.548873707419
-460680.5531822345 971614.3421846076
882438.0050652691 -501249.8099689041
-41617.42839266732 620874.3431604018
-817874.1072509016 679888.9323911185
-882896.8039068689 702107.3236236854
-331914.6687393992 595528.5938386461
409759.0896843651 852880.8804763022
719685.1752218667 -920778.5720642107
-675006.7100121111 441668.33207887155
45937.8362012275 -504321.4009001027
154817.53227080381 462954.34694480314
336142.2911617642 -342993.21078913496
760652.581921485 -288305.234082018
893068.1090175118 -816908.0328227
362192.68089277786 -797045.5675755844
417134.8077413405 -374112.8658685568
96610.78428676119 656264.585628951
-510826.07626624475 -876675.5296762215
621841.2669552162 559811.7936562388
350550.1556868956 -606891.3652110046
909089.3561337434 -32792.38169512106
25900.350209121825 -137234.71649610158
889249.5318153985 -104574.03331257869
-125087.63632293441 -154339.8331756536
167581.93992121844 556193.358706804
-701809.1435638098 -255636.0730648595
-210869.666970419 -897883.8293597342
293182.60892460076 556047.5740546943
581575.186551817 -801940.9116058515
-109839.62854279997 219522.2915389738
-936801.629206771 315625.51606513327
-483966.24900086597 -766274.8978658151
818123.7965797007 -318041.2160012394
983001.2159563033 158199.91827340377
-602343.9788354151 840730.3725686853
-551085.0516061697 -581824.0991734294
401468.08550420497 -583879.3898905257
-202022.99588320055 579099.5632039371
-129526.93846874614 -300135.85068609915
-291585.6383490616 -273568.04674492194
365626.3976960657 978413.1703450829
-188520.3643146956 211405.16257646424
679843.9220142434 850048.1892717648
-377588.3543728471 -510735.2932245862
489608.82353340066 505515.2916041794
-548440.7135016054 645882.4534211047
232866.8519761602 -277539.0745438058
979753.5546790482 -155259.40059085446
-35401.27085080324 413138.17880340246
-244942.05474067014 677061.0291183311
103158.6292697892 -754680.2570997102
67786.81395891495 -867399.7170392431
51515.61743381084 -171997.50195235573
-368114.40927831107 -220008.83309695893
1595.106187285157 -173348.83678262867
-592062.8369697488 177702.05230792868
562534.5854823929 -250763.99953773827
-376157.4654628122 -952673.5479867246
31141.411596493097 249599.9898515183
-919556.0345537928 -795045.2537888787
-170430.28225039295 11030.384611835005
-138035.45361062442 28874.490291354945
-243457.63850455685 -467290.5504740169
-493439.0350638784 -103795.3615691876
-749670.6201746173 248890.43159094616
210285.29272102192 441597.9464087796
-810966.8805391225 -466770.4419462979
704351.4801340885 499708.6433223863
966559.2906884402 358381.3060773965
914622.6340948471 -175259.03621761873
-455245.3002307506 866944.0199690289
-411598.6578209258 -14707.354386619525
-49905.22649326129 -908367.8101239421
-942343.2071188097 413342.48267308646
-642822.7543290912 753170.3652122079
272146.7423050108 -99522.70245195716
493412.24717832566 -602359.6320474145
382730.6403289444 -431940.8904069478
-602370.3613545 128169.5511947507
-466708.474505167 63197.444937654305
126814.94974891399 -493821.93409638107
-543124.5921338031 111308.08072973462
-178443.5649686195 -450600.842054673
501284.63981268066 -739105.573793353
795594.6023594865 -381743.57505168323
642744.2915189872 -395167.16663074447
498638.44790960476 -594027.5914457922
597503.6976419745 -447511.2393358755
288198.0935071963 992129.8744306413
-605465.1804136462 946511.9764442905
551943.3828935425 -969752.4162577095
706832.6164487053 930132.0558704799
-561576.6985559836 162973.47505233996
-640847.7157183755 449364.87183109997
713792.5728083788 773412.0079249572
-639.2290559967514 -66968.44434621581
-484144.48374166805 -172933.44109528163
977558.5878576634 256817.83933993638
-254211.85382477753 -636445.0634625063
-432028.8846017623 -533454.1527789372
551833.8132035155 422173.3762166796
785274.8897501072 -590871.966771008
-99527.08851781534 256000.80127823958
593184.5636423882 203633.488803623
585774.8769745033 482858.8521139568
-794086.9209834493 -177157.16244637617
410041.09756059153 142632.38380270381
621739.9054808046 -810485.3096931486
386491.1188058362 -810646.3182173362
-979642.6813777101 56817.3535859331
987243.6508469076 743560.1400828497
-602449.3985499747 800863.5075117929
295762.01378981234 -206883.63229772565
783967.2390927 126339.51958140614
900759.6084494463 -44377.4107417888
935466.0619002862 -477656.30396921537
-697739.752219381 640784.53824767
303043.24912435166 -745512.7564009929
-257394.92784918938 -136345.79007458733
768036.4215810332 374444.77053270536
282012.7688115651 -478814.0702904896
213659.80764694698 -682860.7942324788
-655829.5844355668 52766.59242760204
445709.1010723035 876800.5940123859
-438821.04029831546 -818872.8706521555
780944.3801052454 934765.9672787879
-905917.6570642292 -652876.8824783978
-636094.1111385927 61081.91671197442
114203.32331494917 259803.13480954594
-569017.1584654269 -278043.61274727597
-44582.889941149624 -690218.94613993
116990.96782101295 124232.35556795099
751274.8597264858 368776.23838910833
484477.7593133319 308518.87632661615
-296977.141935067 502830.2085822646
814738.3912278041 955377.5696873798
509923.8293560017 -636667.7022888842
-73417.91414216091 -758060.8684662569
943481.7343934341 -513228.82405188447
-265968.935489906 -687616.8277027507
-623989.8937113697 493601.11204030947
554727.206181172 976763.224477083
150986.3077018035 -458792.0093362385
-870230.8077651358 735106.8854592277
472272.0658589634 316499.71361276554
-139567.0404274047 601327.9628995564
-993281.3717918152 491596.0405898525
137835.82008504216 257754.04670389788
571936.0522239655 -757312.1774085169
876831.5665570749 -219558.2422462583
597566.4269053524 -693788.7921037076
-83477.8360521011 -350318.1996801065
589553.5078687731 559212.9515443563
-112740.15359229897 321961.9721384484
190996.60023219069 715144.3560706957
912559.0438924774 507111.64961010334
730202.3637060602 814106.5807459573
-536939.5561483144 168227.5335183998
5802.594112126157 -134531.2146984192
-695875.7203301436 299346.11318705976
-241537.71093474957 271721.06620828365
-76426.17883191281 -981131.113478773
-702554.3719624861 -434358.90723383287
-919520.1469517588 117224.8635489787
463001.1957533597 876020.4857032052
-189861.36285620602 -26973.626679465873
817855.021406892 933287.9962637748
142857.11717459932 -832443.7300152681
87745.02200854011 962920.0686087464
217199.46291172784 -459309.35462849704
-205956.13094154466 -366556.2425019613
-167513.63134245155 400970.3319890832
176151.03809252824 -675856.7513683862
-663044.5826784971 199965.15635965928
212317.07218796643 -706299.8840781206
215425.07598739373 -831977.092002922
361183.9374338244 -958858.5839722133
-912857.0558647732 -76490.54210156482
-407484.94155337964 7080.125782410847
266572.88054544246 -447019.1482648386
-448911.8905151002 -759585.9686180616
-671442.0091424696 863150.9121237595
-699851.3903087217 -956359.7604360771
-85744.68704234972 860288.1359253905
-260515.06678783149 181783.76831581094
384835.7978069093 -250184.69565191772
29378.106485015247 529415.7491050824
156528.61530544423 -439647.6612084352
126723.49149805121 -282841.9543606215
-789823.5904634518 644624.4474040209
-393058.87990736426 465174.1945268705
-197898.73564185388 -851004.9344123558
-546998.3804940516 133594.74166644597
-510204.14619053225 -15837.439458829118
-435636.83657905576 709922.2415192558
650483.190171395 -335932.09598347265
500953.03106831363 -760101.6272842942
235949.62763141096 909063.355457105
-351154.8514050315 6368.583803762915
-373251.60160398483 -609896.3874995918
237029.3006531119 208513.94190979912
524897.2090636808 771501.3991734909
-717207.3751473255 -63535.4940217901
-505082.9507350598 368920.4444486648
339762.8672228686 -891280.3289774808
-705240.2023711407 -830071.8956353043
772514.135214318 -932335.6758551772
-648141.9392840345 642588.5216869011
780366.3716897739 -567342.7770091577
127959.24261976453 -308714.10143458727
-835935.1841904379 -762938.617010324
-753194.3730984854 790874.2571881181
328444.73859572946 -911225.8957138187
-560044.2335015764 -832029.2870713912
-402391.86274049315 -312063.8487555792
492653.69387525064 -416643.7450918853
-905944.6747456277 975322.4216332843
-111773.90966330399 43871.451564075425
-72332.64992258768 687269.6837834651
478344.1528487734 -200487.56782454066
382928.5660327871 980012.1681861645
978542.5674369759 181448.16279861657
673161.514821741 341011.67875323724
-248048.3835556095 533546.2622493214
911749.9281302227 151128.80524924258
274492.9634387209 102715.02846416738
881092.4616673221 -950491.974521982
-6257.895370048238 -334148.9979290813
233733.7735625403 859322.0275038979
770187.1393821284 -285172.5762990685
-430401.0632439072 725483.0122563757
-729780.1770520487 -771756.8683093069
258991.75360399578 330979.33844079636
611674.136259156 -335198.57198710507
-304167.0582515381 -978763.3480491722
-397356.5236277962 435836.33458090667
-971956.2152811468 507949.57678193203
-932006.665036431 -668392.4887046795
-161071.36626154603 416868.01535528456
848762.1341330155 440337.89008402266
254953.54621458612 33821.82403336093
-997768.864317023 -548614.6399420232
930924.370565088 -600944.7190528126
364000.0515539064 -273946.79580195714
-56808.086231304565 667887.4929806513
-914664.4926498376 -92636.3993092624
519338.35557490657 546438.20481121
-679232.1319590772 363068.8109357187
-802454.0300884917 -973686.6516742257
-645709.6829935252 649768.420692751
85557.55885689077 -246031.29850359447
-671191.9642729855 -593704.9024478435
328195.93890515016 305975.4168054671
-9221.697766534286 639024.9579626918
579025.0522384383 -998616.1615299599
194874.05847087945 231272.20434499974
986308.1401125803 284588.3659625265
459237.46649339586 -756456.3944456985
252294.52580229193 -165596.29005672713
-764186.6937268139 871707.2828344009
-110193.2784438997 627424.5718647514
-536889.7583053508 -782670.8455778258
-670963.4432102852 -889739.3288130709
-921479.7977775414 226883.53869854938
-554206.5302530052 575382.52349629
-804484.3743866312 219179.2163453349
819540.5461433381 -736240.113521982
604973.4192556818 320179.0463788195
-75254.52834675414 491246.327391244
337833.266000642 477754.89265399077
-751017.0343596069 198688.33435753128
-921608.8051107421 325391.18739182106
-405563.07776297163 782255.0198439504
708435.9766069076 574426.7988610349
-64519.7534636762 -307400.39158948
771105.3857155966 -99193.81875880598
683246.8064369599 -159658.43698501983
649601.8931482267 -531887.9426311501
-538521.7766704869 -814121.0714420862
39446.25849666237 -49223.79046321334
-238152.33817915944 -748432.3568090028
771424.4546608878 -167976.15150997508
460567.65377139323 779021.9379632294
622136.7683053117 517627.40432247636
-69889.69273034553 836175.6245501239
-939378.9981998166 265806.8394051236
986598.6728542559 -753815.5148092443
-282653.95749171125 269338.8713251583
994146.2847391136 -295326.30711922515
403965.50274255034 613972.281566204
952279.302404677 881276.0775926509
584633.8712083234 310711.4366092649
-652733.8279997807 449778.1399109615
413759.0974622932 -556580.3818786743
-291260.3490971844 -841813.7767114309
-952880.9294133952 51418.54563332279
-396460.546159544 675970.8852316884
803359.5366131468 -233498.4904041898
-878604.6778097891 -516708.74611950805
506302.92919447925 -519270.3990362489
667817.5231462969 -142337.58072017226
626890.1735819639 -449898.3227336393
-621802.2657155422 -374534.0022311241
107525.592295432 -360825.1808637786
-637674.0820499614 -470630.36150949216
-577195.3337905805 58867.22214028891
-36525.854132152395 663674.1610037326
-841081.5393378434 515401.18788779806
-639393.9567741021 957457.7341802358
-474347.4584935063 733364.2254512452
-782014.57203368 -766639.9695126808
133360.0408097119 -972473.6746604778
-929209.8809917115 995436.630948771
484668.283327312 -217697.9417027817
53837.00157902134 -175658.74469967536
154929.32176929736 204089.88785046432
718671.7593152202 743059.8766521343
519950.19429981615 -218997.22349134902
403588.3020100696 -518038.9832232881
648858.3681393911 -386274.8965704895
617823.9146826474 64095.21101180534
932156.4392355001 -423086.2383469357
-883951.0988413838 -859465.7574326645
849997.7348460578 98470.46596607752
557173.221372617 886614.1670083273
766531.1153034649 -305493.7060363209
-885877.4977093365 508282.75108032976
-855773.8303851369 -188921.04230403714
553797.4724436635 -268201.8253198294
-560988.5564145108 287703.61964616086
157209.13118832838 -401060.5271411871
170315.2589573583 -541028.7115646424
260023.38758629467 -897651.0540133859
274325.17907375377 -937006.3330797008
-970700.5361746792 -759995.7363202763
32006.725719305687 -290897.7016841925
-77109.40207087505 758973.4316255881
-477919.2574416993 301622.8897526101
-914170.3070332832 610317.780666373
561816.3924602529 662665.3854141342
-834125.5844076124 -31996.135420298437
-147665.05119054345 693991.284309133
-491357.89594146074 181696.58111241087
670642.6594583315 671844.7870243217
265402.63961770525 276846.6575085062
501986.39265485224 116336.00930500007
897366.7036187679 326900.95377542917
-943757.2381504925 892302.1824299269
696732.2080635582 -684373.8258346661
-34542.741882000584 224284.03215683647
920079.0290106684 279376.4708188076
351365.99467017804 172217.83691024827
330597.30600438267 -565211.3585497646
520445.6977384726 224772.19676993554
-123534.437689343 -1898.6902653309517
576529.8240748991 -293972.20765650715
-950471.222316337 -329532.85663004336
-941020.2725189885 232573.6654294813
-216437.88258405565 543989.3020526788
-900232.4332834429 132974.2411716003
387975.142489288 410265.75689230533
149736.76415152522 825860.4749579804
-857351.023625538 -713610.7471268787
415730.4275446625 338180.1405266237
509552.3082970821 40498.318721542135
-426928.38919784455 -458487.7633284563
473105.79928314174 844421.6071775325
-227377.03491133777 -270695.8762910457
105100.50998630188 -350827.2128907852
-162284.19286662294 -954826.4702294562
-426256.3902641637 -627208.8329860626
240928.80191117944 633442.2854215009
-44609.5295053937 -989713.8480820386
691019.5754456965 -95514.91905796574
-760740.905114278 -932780.4519904759
676565.520557398 -889789.5401634644
348780.9092000823 -919139.7950877713
935463.8411604967 -718297.1646655514
173228.22694833693 193946.8658482863
46708.75793993892 -816666.2981487042
531216.5730308993 387463.27943010605
-834130.6382320905 -107713.28346566879
726910.8436328694 -780096.3124634379
-103810.41780311824 -828534.72320859
449572.0628022088 513779.84760698024
553389.8444561339 772102.5286147604
295267.40162730543 981495.3541445415
-634446.9527204523 223254.63381549576
47168.18704629177 -555117.3865381489
18989.543025914347 -633350.1275223186
-233185.41591964732 228428.85414826637
-303031.2571841688 -465124.600884598
556621.7929167149 827375.4828276592
766178.6840385634 -374346.37370047625
-209224.1262603996 781999.6203326462
360624.8232345325 -969229.7964174123
8130.8756357729435 -629826.5301293982
-959518.5581284596 709394.4351409473
-847569.7181789731 -671430.248395117
838948.5145709221 966221.0495270418
399150.17193430406 24399.590650636237
-979751.3821433405 85620.10558095272
406130.6346303399 -214770.00967885344
854507.2308094152 -289842.7585488416
-592688.9151582827 590787.8480360804
501814.4923077086 901313.0425095155
-36914.579055933515 -257549.2750853314
-692559.1388196005 240765.74540762627
-135686.67925479938 459943.521582352
-216750.0820906018 -895759.414449604
257553.88303078944 435946.73035447043
-590869.3804869251 -195639.6914669904
-424370.72606900823 -303971.4534047118
298081.6265586002 -693217.2549863814
288534.74583148793 977094.5393890308
130294.72187352809 484061.4527920515
539650.01701647 -840452.2974449417
36163.79134908458 518500.86286527617
-274394.3347070548 -267764.7642645964
914399.2190107151 -199144.64842925966
713092.2984415337 -60306.529054568615
-337240.8893742503 645444.9755988112
37502.89651085413 -862514.1495725913
80317.46930511203 698043.5961203261
752208.0700929037 -416153.1324961749
-30793.572926448425 -573636.5742962745
556978.3625155459 -599692.5165752543
820644.1294871136 846815.2652502991
-663428.5038380364 -534135.3978877619
383078.83547099726 -360614.9025567912
-710237.6878588656 -922111.2753114013
-728381.5789744663 85633.06587238121
-974484.5305583379 -707423.8782976468
80592.66036234517 -307195.8493010977
112397.37664674921 -305196.19163147383
436463.98018611735 608262.3097382684
67862.32097440539 608037.405468595
114811.71428196365 -585065.5680837897
260078.73844288592 190698.04181421548
-804217.5144796548 -934558.0501166529
751137.3340470972 -123435.67134658317
-206413.44128798088 -527646.9908724874
-291778.9661110544 -187789.7073963075
-932464.5961096736 336506.1544169851
-124141.65332668065 -975825.0992942653
-975318.0744582776 -405929.8136841103
-178393.91846564994 507555.2099031729
133326.15089559928 827840.4290917027
903201.7251226446 167170.4869899624
-856105.6337760193 -335321.3492348278
-908885.7011715022 -374816.3402613683
-923549.5999045898 -497007.42257577484
-56235.04595859139 -939058.8065446003
-477395.50976920035 -811590.9945673645
-274486.0695608605 -284404.21942401
-962008.5713486348 -314595.9996867117
669463.0275347177 -923764.8468199971
-61323.003891740926 -945196.6332995158
924563.3536405547 841732.416089687
-523560.5279110689 -822574.6976636013
-370684.75935526355 -618479.427111153
-377459.9118870704 -713819.2070256299
696120.0037943553 -130882.37391436542
-478120.7617543242 205183.72070766962
352851.19554595277 -886814.562821818
-367770.40695258556 -364106.47268167953
-193498.56396490242 154251.63291750196
94081.44362290273 -867631.0139102649
-343094.6570139432 778809.2964240273
549410.457567302 -685123.5334315046
169140.25151830097 472001.0168609519
-791288.1411134545 441187.12491454487
-789735.6027878986 -55717.13442192436
334328.1237050877 -949396.228727252
-348335.8068770033 116396.41352040786
-236117.39407652407 -387547.5723224422
-735411.8329942045 -320631.9969773879
-214116.4625829081 209424.44196387986
907719.4088125105 -568638.7563262242
502997.5501031261 41409.14986096369
-472002.204073112 849184.533835287
-100966.36259484338 791274.3922161271
-339081.27916244883 -684440.3185744497
580020.3599655512 794939.6098501827
-123905.43953566765 -998064.6483236612
-94338.51230604039 -316596.4587598117
592851.436375804 -6454.281596905319
789049.4386554915 -480037.14889959386
343873.3722885719 -843526.9622078347
408852.639488525 500269.5163252398
789446.7559656422 812389.1572640587
666371.7339989406 -187121.80255871173
-563767.6406648499 238917.9599831649
335585.3860607238 -308818.67504216474
-979725.3139457817 544179.460056704
191171.5357611226 77667.73604617547
-882239.3624836307 91282.68517333781
776117.6727204006 248506.15047505172
27271.84818321676 700621.0712841982
957110.3786259037 -158247.49934281525
35626.11713750288 -647760.985785363
61899.71799290273 967260.5182644171
893254.9310224068 829904.841652317
528053.4078991194 166575.84747329913
586278.4470676731 -173378.3243327299
-981444.9199832252 -231546.69342560577
-154794.4282497659 -115193.2775725103
106991.80123526673 -193656.77758864616
-467298.7237650184 -479742.5108859567
950330.2817000761 -634464.9891881119
-335568.0222492446 750228.1913963477
-465605.1179385518 592905.5602142897
-946970.0968170555 -808869.8861076056
566965.0177075691 -738563.9298173122
717848.2550776547 -372529.56268334994
241163.33652675082 -894624.8767219388
742126.7934113115 -981099.0582710498
72862.63395888056 408818.14142046706
202148.93286905368 -426329.60808762116
590637.9255157027 -203553.8148241341
840387.7332342293 955848.1355546482
-679298.9897774926 -624748.8898585504
740112.969386922 777843.7933625109
-209766.87664821232 -805178.4284468903
-652148.9659780557 597175.5315332259
34160.69849442667 -851060.4384715871
416364.9290844342 -144762.86745470972
-910620.3033725403 314415.3823806273
-486026.0636196304 -182393.43077972066
405128.0085667765 -446152.78733492875
995710.6941738024 -430341.68022421305
178319.1665121999 161901.0714726299
304577.81477787625 634345.4806433152
479869.5081830912 -703457.2659012969
10852.531247817911 413917.47732719965
73805.3098270183 -150200.4361409333
-946156.5209487609 -157062.23989973054
971041.4928331177 -938226.0524065988
-788281.4494283176 -24056.769949132577
925247.2064538922 -799749.225369876
-398595.6545208227 -74408.35524072684
-850219.6530693478 -757240.3849749726
-413977.49668147555 620377.4534473999
275946.4993311262 642936.4299814575
-912820.1927018545 914426.5393721017
-376611.1375957916 -885603.9807052682
-559186.83376196 581528.917491853
-209237.6858582045 494736.55408264673
-972575.9506941149 -480490.8438499877
-394250.33404565137 696591.7142576403
210537.77951951767 966639.547451436
-620706.5394785961 -176463.81200067396
-886906.9780071047 -164110.74086613534
-116235.64458718686 -603461.6326076831
406656.9057226165 949588.6505366429
403836.48050818103 205315.87730973097
796437.5610040403 734365.1653544442
-274774.93802826316 -811175.0340325935
-515479.86071124766 534135.3403704497
-707425.53651832 495615.9214044756
847092.4707592684 199222.8709417903
-577788.4752741335 -211259.09085214185
-139524.3737249605 -443391.3116093122
366757.1672907099 -709730.0329828411
631942.1726668668 732488.3925003542
115820.90570729948 -393168.5115303735
118750.54438069905 119415.82288732124
-184879.470975806 -547326.1764018917
814518.6879316492 814820.6088914613
691830.8975122336 706981.5350028456
138422.96198556968 771435.7441587821
75992.2588883494 -435134.83436822426
-461119.83916821075 -849115.6827608491
-505050.6594369458 703018.9258985843
278979.2904131438 -861371.6057264104
505335.08478683955 -221518.252097073
-719457.8506845569 946130.6373778803
-632432.149409886 528827.0686588923
-479926.62274080445 -77014.1593888381
357694.2737271995 -27809.193878710503
-437992.5786282066 -211481.52152782027
47305.53903393331 76441.15752508584
-931092.6906817486 -830369.3010753556
-791960.3742748799 -22222.57392481342
-61844.52663349663 -51123.49621584709
-930621.4440173376 -61753.385032467544
-650346.4354027675 -734595.9623459387
-86893.28076300025 12462.59180963342
-254173.26212629606 396787.6116691753
770541.0379464799 190351.28044398315
-716317.1355603244 -266666.66641352815
601176.6545704948 220594.55448890477
516923.8088576696 -835701.2921877643
-684143.6740253223 -604521.5317785928
-457478.2440774103 581900.8618370944
421533.65274862107 -761344.8750908202
204804.9804982033 -327847.337947197
189812.55150905834 -922676.8971304372
-935172.8397386156 -286085.79302245774
593449.6023471593 -993427.3645946244
-261721.90358877485 -337469.8560750254
188164.69040768407 -637852.1556718776
379005.4482850642 429994.62245230866
147314.38081656583 -637045.0995305264
-775958.8958871628 352478.88332811045
240477.76588806557 649488.5786082547
-622733.218089249 -579016.9574195175
-996894.0818985214 689250.5697058891
-10932.852047387278 -68540.73649911745
-548801.1750994218 -114811.34571898496
601352.3519216736 -436244.93417931255
-124921.45988719631 505571.3917101566
382946.8153077613 -275504.9206687701
-113415.3297345317 -12758.396080662264
696744.6272563003 -933379.1022498121
623123.4100715348 -346053.9587918371
-183591.7022026626 984604.3232603001
-642541.4035012696 412634.6748341685
784327.0278096197 349317.68980720686
-554392.1536451473 -692292.2262928723
560948.9144083562 897818.7417454731
702689.6631569557 612395.1279070321
422403.5997378975 -796209.5216762971
-710043.1512395665 809665.4038468655
-716804.9169339924 -900008.5837371126
-362252.26718184 -775756.9831893847
-270532.04352973844 -744407.6284579551
-606864.5193587071 -841896.0414069016
-690424.1291785641 596230.7639135397
966436.0542984586 184015.83904712042
889334.3194649853 -365495.27324087825
-608066.1225898257 -746942.0061824769
-368971.8970279547 215332.54950900376
-940094.4256581885 889421.6351909649
975946.1957286166 -613209.0309106591
-816852.469158794 -951742.6486984312
967091.2656686769 -686992.8608235491
719887.7594035568 507189.77783429064
-222335.8051804111 424781.1822436659
-107787.23237771285 -27199.652262079762
438593.55183192156 650755.8759696498
-8706.500570868142 87819.19723208295
290005.68396056234 -396904.0966737217
-961630.5929614154 807494.3925167227
-402725.00630523055 86450.83921361831
-578843.8030459001 499579.94611975807
412616.71613198286 548299.1787012448
855557.7785656776 627981.551471635
-367020.6369571034 -191561.29422876216
818084.9655311978 739613.1236545902
371090.45227823174 -251341.89386613737
-332990.9587301563 -924875.9962321518
-695697.1456564318 -616722.3646580142
-553432.6399221029 649335.1221826007
407707.78223591205 2144.362332195742
-96485.0563829306 -557676.3283735195
310212.56317818724 229280.10436184774
-747012.6773030807 210696.14168928633
-129129.30776839238 751536.8432260233
-748820.2104800798 -109304.42885653628
138329.79987920471 896174.4983684488
873881.3125825173 -586935.2843032035
904782.6417925607 -160234.3420074049
256140.19612296997 -672358.2503374321
635623.9324607637 -679161.9595619615
38315.68680816423 -370648.7921251096
168584.13105692202 654335.5720715628
844382.3728661533 -727734.0756993908
126509.70024055592 -213739.35125743924
-514530.2287913221 -244320.21686593862
-23310.294508905383 830696.5193219655
581917.1041109168 -673839.7743498439
-236097.2733079004 -54734.81306328508
94077.40633752313 -925120.1230093765
-980059.5159591543 322067.6614710281
-396929.69548446825 496969.6599795155
-857298.8918870355 296378.6600042558
341566.6229536163 -447556.9952368443
-332437.7505159243 925297.1272314971
215876.17301216675 -679869.2770592987
-732489.1983357293 -129012.9762074314
692986.0929162551 -643864.374888351
122203.46506507741 226648.62084354693
-668944.5346277573 253487.15992687107
-682465.0708817116 -42086.04080985882
-232713.6491113184 -805189.3230638155
-658456.6166953966 699175.3720095153
907535.4971921165 264693.691839386
-313654.97412300133 64138.32847460103
-773865.8311732144 -38819.66319912486
616971.7075346422 753177.686808289
-831054.0116372132 -433670.8322674923
-299514.05937751965 629393.5582726898
625876.6817724896 -395257.10123711335
843316.7935560208 -274619.698118987
-30057.92970450269 -778874.6429460936
-302792.5758527606 -340403.5162013129
-645396.406411883 326323.2354670847
177372.07524152822 -687121.481657688
301720.11848103045 678962.9723745692
918170.128305658 -260161.57800561772
800496.9033728645 -212832.6086261645
-372386.5380070701 736289.7993652355
68268.42857707175 346522.87690770207
627260.0629629169 837603.1443990606
-886659.9007984884 516742.5193772954
-441741.046763171 810039.1917460652
-40219.25406706822 292290.40424598474
835270.946196368 -796466.1277166
-998298.5049360592 -681224.2324078907
173017.22640033183 352513.6435636042
-948226.6220305052 565483.428968206
261734.61357902177 219737.0932819678
-982956.5844031894 365014.9189275112
-221393.89066885877 -557153.7634812817
-370180.59088704037 258263.0743500837
-764122.2266146429 88791.92689473042
-310395.70902632596 340304.8520631422
826015.2226630298 -53760.47686839313
-6306.429873307701 -637665.700142599
-373103.37362587894 -35937.42607450625
999247.1824745848 -490570.4343712155
21461.09462946211 -46813.228411604185
-774752.8977426172 -26076.945130995242
613656.2170690408 -668363.2600623835
814384.1261878363 30392.713088168763
979943.6740331673 -769161.1271066458
-500928.86440768675 -993674.8907009461
-964688.0580504006 -379912.5171203483
-827627.8618336276 880581.8032744927
-560374.1537572714 -391608.6381045524
-5447.596827532398 675848.7594444323
709997.2446889814 606992.2253926753
-966640.6224391698 845633.2849956392
-614166.889672661 -460124.98220144934
709069.5761603147 -762729.7943612486
973248.760103557 511846.01584984316
32848.60589177883 -534485.5427545996
-28163.259149886202 -736011.6963018007
773620.3220716526 901905.7602410852
492270.0483873312 764332.3193474
-30696.00612776447 -47926.72429215885
852307.9775737375 139344.67284074775
-131391.2637247413 14764.793959844857
-998995.6942953335 886627.049534282
338404.6429304052 490701.79817642435
547457.782351091 20768.391453272896
-416559.9190333376 614930.2627971857
333965.01156189875 632329.6053799295
172664.66940681986 111129.48510125442
717074.2492626954 105422.61876999657
-26516.261384970276 -847427.4902495542
-122733.67915439024 9138.256569118472
-239298.09136453713 358815.95640293974
286128.00127302087 -201811.03327849484
670061.2326216407 111918.22304972634
-840035.7413290865 -928498.615150345
-312791.8583882253 -857635.7309415967
-529178.1981751288 -532790.5916320013
630204.3546073707 -582060.2161068462
874835.9601426763 63584.589406236075
-351075.8146752184 874236.0847278805
-877526.8897859217 -403607.6430365923
-333843.3824107684 -373282.0633179862
746264.5182555129 -6129.106897762045
883791.8288563672 -9788.500503185205
893826.4434596724 465279.77116936236
357059.4424990716 -883258.7053301055
10502.353319012327 311920.1691182568
648352.8445961443 -961652.4292270793
544815.2924571002 -248976.80505895428
82670.38525449717 -765317.0302562444
581451.6372372939 83348.70181802171
118492.8319286243 -701569.5495358221
-524424.2783424968 -653685.9176812095
-837175.7670160842 582657.1743769345
72862.26748326421 839028.6158029702
821707.4154142593 500749.62918499415
-293263.875017056 -315986.8421716762
-457226.40175445843 -936865.7456758174
-971011.1519663953 -812501.234782317
-917262.9095435934 730368.6058000727
-826620.8524981751 -656312.5084939182
-790490.9895926367 436770.35147307743
-22933.8118264887 -379144.6086773337
-812729.5118383807 -606018.2857166822
-4425.731492602965 774523.5126368518
-389873.03007463086 -274985.21447260445
-972088.4529083127 111473.75052573881
454709.9484978861 -788658.8829915584
-243645.05096825934 6393.281093806494
206558.83547479147 -753405.3037972625
-794029.2562547645 583191.549376646
-561337.4398042904 469376.5774044662
-312193.3697134366 531576.3892218487
-870962.1231289133 -198027.04494843585
580480.1872125037 -817749.9828444012
869705.2032592108 -440237.87228404195
-131493.50902471808 204591.12730772584
-6182.427004463971 -365667.4911691786
-155822.3653452564 -859959.8187175931
-303642.4011420903 230794.19906928553
45462.72501186095 633971.0017024197
-744418.610619246 -908236.9746036134
-932479.7310404012 138287.50151502294
119468.02121542115 920960.2659635006
-342959.6417158097 -528205.055470713
-783779.1260493549 -476937.99872264895
-515410.3537444442 276776.3626424107
-813277.5758897997 -329756.1855667941
-754888.290452509 97072.29024349386
804963.151022539 769529.4958617904
-405235.4616004783 956979.693514246
-663413.7283980025 46397.31606468605
-554842.0208578457 970885.9111282858
-349031.96339902584 -10626.548281347612
-851848.6292677729 98012.35654447274
-164494.78542597755 -998271.0621056929
42850.65352535015 -473888.2156517615
735229.4727170502 782249.9269039046
-977701.3235990845 -840338.5884896622
-730613.9761345014 -58797.52914982266
777190.4097137591 -534659.2768768095
-574553.8082815979 -88567.74976363522
-206240.91183212353 233108.47163176048
-110110.11688434123 -447798.5278137403
-858567.2248796513 926715.0861181023
-618209.4896471901 931568.8172379453
934797.0306274733 -314244.5267532186
-756139.4526422312 -458170.8406171114
-115142.88368280092 573731.4861176868
-396215.96489667566 -778462.3192277949
-700278.1588473751 888781.7967045109
-512960.6523764059 671068.4999335753
183980.8953409877 257816.51566248597
-314907.76519672107 -497256.8048089158
-840859.2613991436 47620.19630198274
-594396.5639392121 -129367.47174985171
128204.81248204014 213641.8047069169
933921.2824269789 -468481.03557068063
371400.0925090632 -531152.9792750238
590514.5042580976 -433332.2525701688
144115.0701062698 -648897.4634589211
-817055.9148142964 -813182.5781457224
-979982.0526996178 -546678.4305171643
150643.49234729283 -930454.8838765069
744906.0196884142 -369602.20575139904
-929132.4545194351 812005.4526371262
-959448.1128536931 206535.76706874534
430650.6412796029 -345263.15935981553
69494.85296419822 58248.21269363072
-863245.5655192572 880455.256962426
-771104.7875814885 256837.78688247455
-185078.90635429695 189109.85616797
461243.66484473157 -467422.53059036215
-500514.8740868075 792578.1252631654
-789049.4998980958 696309.732458459
-850177.6736833074 555252.3941447528
-38998.811567829456 231457.35136540676
223359.698695977 486301.6404693185
-717578.0114493568 -744776.693152356
667376.1551876641 -457864.4888879352
-221215.6563937182 517855.05506379553
99941.85299285734 876944.8405844946
217221.27682563872 -482953.354635122
-635687.2812949086 -739164.6592553358
-67433.67652643262 -940811.7208849178
156281.49898126023 754022.5923836585
-101507.66151569784 860919.3810941519
-709965.7745930727 366058.89992501657
561606.70368075 743847.4336829912
782750.2429543717 378632.18751470535
-332162.47098300233 104704.20548995747
479276.35645498475 146202.8882118708
-982082.950771658 301497.54484726535
746200.1610394607 -920930.9136961855
581137.755761337 538231.3624315537
-674637.4031737198 -554149.8503984355
-572172.3975724725 824156.5775462573
131055.65982924774 197782.76053667208
814112.9919737666 -683425.7105743117
-945046.7000689232 -495419.51632644143
549914.6288294944 -231987.7554446198
563253.1454458109 291864.5223268657
-701956.9040177495 920491.1115162997
-822444.4577243568 777766.0404615088
-290342.9386261448 582459.8787131286
921919.5165877861 -608175.2294123017
-43449.43906747247 -422455.69120479305
-147708.43501172867 -513892.0648236945
-671293.0486787925 -318106.264724649
-527226.0403088666 830486.2312360862
591667.2614583997 850075.7443265575
148398.74304977455 736645.7701233516
814358.7751090184 -133307.0115167438
-464166.1893823717 210753.43714838568
498932.093132881 524721.4800475186
100241.84378566849 381147.5252709917
-850703.9205611849 -885403.2307643059
-837984.6103663496 -337370.40474416944
230532.86703021475 -365689.7046206738
-90714.4479744886 -665020.8413223955
595871.6895213919 370661.33401154773
5867.8076797139365 -978376.7050980476
840962.9947123935 -802902.1282530751
904317.9339472156 -473124.4413517227
728002.2638977389 927734.6683145985
-24054.15665668156 -602647.836015828
-711715.4181268727 600173.5279207972
-59508.30790923908 487976.11598921474
917125.6881658938 979404.08967803
120866.9690048052 463031.60158797866
-572747.029941923 649583.0343223226
804244.9528781222 -284033.1994168861
-62459.99099900201 872208.224733951
886569.4653650401 302953.08494685334
-328578.86285865866 -988743.6399765227
-329896.4674967204 445665.1286549568
221262.5855207725 579229.4110561816
738080.7885197471 793771.080228532
-989235.4274362484 -824832.1311152666
784037.5656237788 -943223.6300953047
922217.4878065845 474419.68747661123
884234.031280444 -174333.8552527926
43350.10158274369 556508.8821052809
766331.6068161153 302281.4417785739
-466739.00327442726 -439120.18358715996
-690824.2064645446 -445956.420200194
-4412.351640144829 -631199.4218284229
276582.9692221435 -146536.6271329762
-862523.0758382708 -520562.20556043345
-818502.243197693 -638774.7498869593
-404884.770047016 622093.0189398332
-908554.2218810378 -58862.232818045886
-372250.2277042491 -470197.34938117675
-800908.3002000218 308658.24602562445
100535.0354546241 -175972.77844694932
115218.65448742802 352237.03875799594
83789.43554566405 -241305.09205067204
64055.5007943525 -404663.6511398398
667061.8802277227 133380.47589986166
-27808.032984540798 -499695.14357020124
-780440.0256133594 -493814.02809509216
-792747.0931150005 -235685.30861463374
-384213.13222694024 -209750.02249515243
875119.2276333147 -881923.6076513783
363231.1861764679 -107054.1069876065
-838574.9350633672 -577608.9427346748
254375.3780772132 -700635.304935168
570159.2596922184 515349.33880583826
648397.650547612 -355454.2930445927
351933.46795941796 451967.6668744681
306856.37994932546 -18460.991830118932
469222.59245298686 -913979.72388029
-42200.285275886534 52905.07736972207
815437.6858428109 -513064.06043319847
449978.6602807944 -246407.06406727014
276041.97018730803 55151.69071030547
-379827.8063049123 553436.6336600159
-923498.3063568235 308612.3150359241
966355.8622624141 454175.3714010748
92609.63656943175 803771.363936265
759015.7500132152 314649.02572004916
375156.7078579839 -637169.573183167
-914214.8470920229 -198184.7686962604
-732803.3880796125 501179.6755150878
982305.6796954256 278463.14978723787
-138462.62494649272 399204.0084596318
820938.1938057579 623954.2903875792
992854.1676186952 142261.59010707866
179296.26780519844 -73141.37685747305
418510.3630242604 585483.357961728
-410115.3880434751 869261.8380783182
-581557.3901407856 -255706.2682793897
721771.669451766 189974.95981177548
667468.4763093237 -550005.4246849592
628623.2810095223 801151.0423246019
136778.26738253236 -915165.0024154971
407303.6569543369 418711.8007472879
569299.7449179776 -583191.9910647124
-50749.17420288385 78955.80610232241
711157.1237165725 -648410.4318003005
142656.81147472723 880774.887029849
