100
-847960.475300515 -871944.1872121335
308383.3287471044 50120.65140434494
707643.6693793258 -275432.44519655395
-815716.6036287769 890892.3425412916
-10390.15341443906 -490770.7258014359
75049.1549525063 -935509.111647932
-161061.3029940488 -59617.05628764082
-418005.12005564256 496329.23798305774
453059.4944489368 -256272.50554298924
220595.26339078252 -671821.411305739
94833.92063731072 -966432.7762018833
-875075.9116272726 879486.0920769861
-249945.147272603 -634041.9017360227
678117.8649118615 -474833.56414561474
113155.52139784535 -3330.0473515766207
819384.0643335762 111965.95160476095
-685771.427767376 -978227.4796040131
-872420.5436917795 -376610.98739938776
-913863.4160261393 316271.70860297093
325546.15453969385 -235366.16963085334
-236309.4186357133 -110345.97385897033
341074.2775047601 -898159.3147907231
243835.53947738302 481778.8406352969
-470389.3779501872 902255.5524982316
372775.76969104516 -576378.729548668
572183.2672750766 748355.0351870933
631407.4245340019 463602.3387827305
-521755.1696389388 -167836.82093261497
60420.89888280723 -996795.848263931
345972.69005204085 363969.04559059674
-102003.98235995893 881800.3269014293
93489.8424094182 610118.3436552428
426540.7192174718 -461681.9969448411
-591552.3270513262 -779737.9669034663
189473.6994324315 527928.01878613
-382971.78378995345 236752.81192463054
-176934.746025778 -215169.73177726986
896835.3299383372 -578004.7522974134
-647639.7752037544 847118.8148223353
-457959.5164607434 798237.6112073013
-319833.9682993635 176232.24488822836
-214466.12143753737 248344.07708735112
-371363.5203516566 441012.8873635954
-106267.71581311163 547014.0744813327
-815763.9256620669 529298.9077373694
180099.81216431037 -666785.4719838002
843504.0645545933 323464.0807694886
-438187.72800140176 14239.550254576141
72954.16421839036 539208.5321847661
485127.3595732793 220291.83576282533
-82666.06887823518 -102062.33924820914
307499.7558584048 301613.4932835293
-510992.5794749679 399865.58244809904
-143656.30892465962 707170.5923833081
540983.7253308974 -531964.6217280137
70004.05497900955 -390404.3991135926
-903062.7191540868 493313.1077868992
960792.1427568104 667865.7479201255
-449443.9045998859 -324344.86272375914
-526937.4620833953 5752.431117922533
968932.2434226843 -355440.97881686024
713158.157014529 -468405.16151839937
550051.5250861286 410821.24596066284
-877359.2399034132 -522607.8126022908
640977.9276329193 424284.48705179524
251260.60972720082 218168.81901969505
382672.4740317615 -929149.3313068056
526751.672720318 626864.4984856178
522740.09302592115 733704.7393513035
-14378.561113711563 -576968.8556808603
-388382.6480839313 943189.7286845332
-725999.8224460799 498049.3083205924
-544218.2192564355 486197.5698935471
-94555.38817029097 749478.7100300519
542724.7629334852 793297.4724844224
-584889.459995572 -588996.7076649535
-324593.1300136716 -631905.5862780024
82274.30798356584 113830.1489561412
426581.9604776914 -162001.48833958816
21522.24118120491 176922.3104731061
-542536.954774821 -850735.2128089076
-94647.56837563834 524418.611867402
871519.0441252387 -821140.3842135767
-306095.4192007185 -16827.874375310028
-22983.634996818495 628842.7369672672
56671.95577932894 437777.28801706736
302499.82346765045 525296.3121600982
439251.30135712377 384459.6538550777
563369.5365303473 -211017.14887564804
-968673.6095429212 41608.16815998603
855103.6035218588 -140403.1060391114
-869515.9356035489 -501820.1978812059
-419587.8267958255 -425325.28449436976
934734.2710620598 -700552.2705534371
-885889.5076733922 -686510.7033487649
-689318.7534678972 825789.2650465032
-417617.38194968936 -962608.6949726909
392203.81510841846 -849456.0742625489
95202.32547090575 -530687.8776616785
-267419.9679860341 -757850.2893804305
